0 0.6367359354689336 0.2584991034945875 0.2473307800293007 0.4666762606517708
0 0.6564867426898088 0.71845080195246 0.3505791572622378 0.35249819033854984
0 0.4056258518631438 0.5391799078760888 0.38353286627176963 0.38353286627176947
0 0.19037299877888875 0.5194925194817606 0.36983658197764147 0.42663996103647894
1 0.9068799877972241 0.6874699886425049 0.18624002440555182 0.19096813717404082
1 0.18131696752600535 0.9408726416407391 0.2752058823044245 0.11726946012394066
1 0.9043699001621558 0.15765975771722832 0.19126019967568836 0.24397964529089183
1 0.9426727175551524 0.8673387207855974 0.11465456488969536 0.20344679484496347
1 0.44410156533525463 0.8182810267886564 0.1370945469753176 0.16933430265736044
1 0.8878735158250173 0.4088501108014834 0.1663300565126793 0.1663300565126793
1 0.7685851424449275 0.9173365409954112 0.16023984496658022 0.14181712743398406