0 0.6445848697257605 0.3137271803611718 0.3677232804470414 0.37574186224343264
0 0.6777357415184354 0.7747028851886348 0.3606690191257238 0.3705763469274125
0 0.4215284751834972 0.5737913231682499 0.39450999896428807 0.40331225528339354
0 0.2055931060769093 0.5353304846647612 0.3820763693114756 0.4456609693295224
1 0.9157512741791702 0.7658406094618359 0.16849745164165952 0.2008065897394083
1 0.2086347927995617 0.9258412341605581 0.20088191149637408 0.14831753167888378
1 0.9051434183207995 0.23664478235831368 0.189713163358401 0.2540640591703934
1 0.9540721570364894 0.9219319689163953 0.09185568592702112 0.15613606216720938
1 0.4681488798554456 0.8558279270069772 0.1572271589116035 0.16147924187198442
1 0.9002270558292402 0.48578712270338775 0.1710906057684504 0.17490795734310893
1 0.7956810285315381 0.954014418709104 0.1642894400324213 0.09197116258179214