0 0.1260369862050385 0.5300892124607575 0.252073972410077 0.336696575078485
0 0.2794336978642698 0.3696419561291794 0.2630133710318745 0.2559077510170676
0 0.29992270148811373 0.699956897897722 0.29601709296486095 0.2885592380420977
1 0.5810611311846721 0.6961137663968018 0.19716877300570063 0.3617530284652307
1 0.4931772045322296 0.3242121901866629 0.17906500527278518 0.2114459516334942
1 0.7621038370940274 0.6796245499793153 0.3042879524727379 0.2969662504233554
1 0.43735699453998816 0.12176994290019634 0.22807646118214073 0.22101570344251648
1 0.7946272316631106 0.07130495696321588 0.1405407098171377 0.14260991392643177
1 0.2623407612098877 0.05397044776143638 0.13156847758022466 0.10794089552287275
1 0.11596009772418689 0.07560310832231447 0.14632049765657004 0.14146847481311475
1 0.5121363037542286 0.8638645104039078 0.19391680746885864 0.18849811355113885
1 0.5952346857362982 0.5320103228192369 0.2556513072816321 0.24910418221337505