0 0.8651686761308681 0.487492608711319 0.26966264773826365 0.3383469523626047
0 0.7025397344757215 0.3458041796027146 0.2516555386752394 0.2573267563476815
0 0.6665055530721936 0.6813923400837061 0.28320874225906534 0.29015604645028253
1 0.3848562489885097 0.7087562898154747 0.2688436609752961 0.2750905622529448
1 0.4904018330244425 0.3237148899284142 0.1883811008587534 0.19243805048477042
1 0.20414196232802082 0.7122361475385732 0.2911055687335108 0.29860750960093296
1 0.5558556743167695 0.1289278628929532 0.15043964595676265 0.2578557257859064
1 0.20095735399101677 0.08675775795868325 0.13243057892151633 0.1735155159173665
1 0.7348859206885725 0.03980886874055245 0.1260218413771451 0.0796177374811049
1 0.8802083443723699 0.05103048048370935 0.14004404090045347 0.1020609609674187
1 0.44608146958441497 0.8703693530261241 0.18555123937967438 0.18954441627684487
1 0.3783458102437698 0.5447392924463106 0.24459452590312464 0.25048329582786727