0 0.12265625 0.53828125 0.196875 0.44765625
0 0.3109375 0.3859375 0.16015625 0.32578125
0 0.35859375 0.71875 0.17890625 0.3671875
1 0.640625 0.7296875 0.1671875 0.35234375
1 0.521875 0.3515625 0.1625 0.20234375
1 0.82109375 0.72265625 0.2015625 0.36171875
1 0.44921875 0.1453125 0.140625 0.28046875
1 0.80234375 0.09453125 0.12578125 0.17421875
1 0.26796875 0.0578125 0.1296875 0.115625
1 0.12265625 0.08203125 0.10546875 0.1640625
1 0.58515625 0.89453125 0.146875 0.21015625
1 0.64140625 0.565625 0.1234375 0.3484375