0 0.67109375 0.5234375 0.284375 0.38046875
0 0.36484375 0.85546875 0.24375 0.2890625
0 0.65390625 0.8578125 0.3046875 0.284375
0 0.9359375 0.7890625 0.128125 0.421875
0 0.11484375 0.83671875 0.2296875 0.3265625
0 0.0328125 0.52890625 0.0625 0.31015625
0 0.0862805859375 0.47861143124999994 0.0741613859375 0.578730809375 0.0923401859375 0.6661078421875 0.19898918125 0.7079757921875001 0.21595607968750002 0.757125453125 0.2704924796875 0.7589456390625 0.291095084375 0.720718409375 0.2886712796875 0.6733891421875 0.2559493859375 0.6442634640625 0.245042178125 0.582371525 0.24272724375000002 0.469489984375 0.26564478125 0.41307871093750004 0.23898257812499998 0.3930548640625 0.160207778125 0.3966955796875 0.0862805859375 0.47861143124999994
0 0.24746598125000002 0.5659884640625 0.2704924796875 0.6369820921875 0.2886712796875 0.6733891421875 0.311697778125 0.7025148859375 0.32987657812500004 0.7116166500000001 0.3553268796875 0.7025148859375 0.4098632796875 0.7134368359375001 0.4341016796875 0.6970537046875 0.47894267968750004 0.6351617 0.5153002796874999 0.5659884640625 0.5213598796875 0.5332220000000001 0.520147978125 0.46222823437500005 0.50439298125 0.4039769515625 0.465611578125 0.36756990156249997 0.42561818125000006 0.3475460546875 0.363810284375 0.34572573281249996 0.3189692796875 0.3566478203125 0.260797084375 0.41125838750000004 0.2462540796875 0.43674334375 0.24019447968750002 0.48953351874999995 0.24746598125000002 0.5659884640625
0 0.48621418125 0.3621088578125 0.45955197812500004 0.3129593328125 0.4183466796875 0.2638098796875 0.36138647968750004 0.2656302015625 0.2983665859375 0.2838337265625 0.2680685859375 0.3184204484375 0.2559493859375 0.3930548640625 0.2947308796875 0.37849205937499997 0.381989084375 0.3329832515625 0.48621418125 0.3621088578125
0 0.5213598796875 0.3657495796875 0.578320175 0.3402646171875 0.6401280765624999 0.31660005468749997 0.6243730796875 0.2892947703125 0.56498898125 0.23832491875 0.5213598796875 0.22558244218749998 0.4643996796875 0.2874744421875 0.46197578124999994 0.28019301093750004 0.4850022796875 0.35118677656249997 0.5213598796875 0.3657495796875
0 0.8255518734375 0.4422043875 0.8534260687499999 0.4294619078125 0.8643332765625 0.4294619078125 0.8716048687500001 0.3748513390625 0.8425186765625 0.3147797265625 0.7964656796875 0.2874744421875 0.7346578734375 0.2874744421875 0.6922406734375001 0.2947558140625 0.6609090625 0.3146630265625 0.7213266796875 0.34572573281249996 0.7588962734375 0.3930548640625 0.7916180765624999 0.45312647500000003 0.8255518734375 0.4422043875
0 0.9453125 0.3734375 0.10859375 0.26796875
0 0.41713478125 0.5441440875 0.44985658125 0.49317423437499996 0.44016127968749996 0.4604079125 0.41349898124999995 0.4240008640625 0.3795652796875 0.42036014687499995 0.3457575484375 0.4193989078125 0.31533348437500003 0.48043175937499993 0.33230038125 0.5441440875 0.37471758125 0.58783256875 0.41713478125 0.5441440875