0 0.6893725902808366 0.5782184029040329 0.2976817229059375 0.4042680153894855
0 0.3947173770261435 0.8704815139248078 0.2761136271729937 0.2590369721503844
0 0.68386172257964 0.8782835941003431 0.3146180938242157 0.24343281179931395
0 0.9460317849312083 0.8246477663800353 0.10793643013758328 0.3507044672399292
0 0.15575408074700786 0.8462687063683972 0.26283733901489237 0.29878741273679454
0 0.08094253138782928 0.5332268303053814 0.1315476442797027 0.1977036606107628
0 0.22417410468750001 0.723848315625 0.2428573484375 0.7743829718749999 0.27575608906250004 0.778162084375 0.29782195 0.7799633046875 0.31437878750000003 0.74855956875 0.3125608203125 0.696499803125 0.27890942500000004 0.6647856078125 0.2658409046875 0.602003321875 0.2595840609375 0.48893281406250005 0.28053167343749996 0.4343922828125 0.2531702203125 0.41219202031249996 0.17452255625 0.4094024046875 0.10345592968749999 0.4852836328125 0.0948329765625 0.5844137296875 0.1160630484375 0.673274684375 0.22417410468750001 0.723848315625
0 0.2670891453125 0.5862245359375 0.2925947953125 0.6590978015625 0.3120449578125 0.6969887734375 0.33608855000000004 0.7279941515624999 0.354585190625 0.7385798390625 0.3797176515625 0.7315555640625 0.4296870484375 0.7455440249999999 0.43605707968749996 0.7460640046875 0.45830174218749997 0.732524715625 0.5009814265625 0.67429305 0.53492344375 0.6080876578125001 0.5391054015625001 0.5806310390625 0.5370851 0.5227771375 0.5361477546875 0.5047231421875 0.518358578125 0.4451857890625 0.47830581250000004 0.40561304218750005 0.4376131671875 0.38232456406250004 0.3757417046875 0.3754589078125 0.33128210625 0.38272065624999996 0.2750169546875 0.43258266875 0.2613639046875 0.45688048906249995 0.257147778125 0.5091760234375 0.2670891453125 0.5862245359375
0 0.4454523828125 0.35267244999999997 0.4254117921875 0.2893162234375 0.3897670421875 0.25619493437499996 0.3147094140625 0.2379833796875 0.330626496875 0.277953625 0.37918242812499997 0.3689266828125 0.3543176796875 0.468291671875 0.3582910265625 0.4686160140625 0.4019149046875 0.44812411250000006 0.44754348750000006 0.41255385625 0.4454523828125 0.35267244999999997
0 0.6317853546875 0.37917525625000004 0.63158501875 0.37343838906250004 0.6054180328125 0.3172066203125 0.579595090625 0.25346699687499996 0.552839984375 0.266993084375 0.5039438703125 0.32221655 0.4927249546875 0.3648054921875 0.5566060484375 0.4268178921875 0.55559744375 0.4270742921875 0.5557623390625 0.427087753125 0.619598925 0.411416084375 0.6317853546875 0.37917525625000004
0 0.7804164375 0.5373508203124999 0.837707 0.5138911140625 0.862488603125 0.471628290625 0.86007504375 0.40251300937499995 0.8524830890624999 0.3652476484375 0.8314817531250001 0.3322910265625 0.8025288765624999 0.390173015625 0.7565117031249999 0.4238791671875 0.6975827640625 0.451697365625 0.7096898453125 0.4865227265625 0.7234057140625 0.51543708125 0.7237866015625001 0.5263442890625 0.772090953125 0.5366712171875 0.7804164375 0.5373508203124999
0 0.9298561695074461 0.44816333851964496 0.14028766098510773 0.20130689273291544
0 0.4642432890625 0.5338408046875001 0.46381059531249996 0.5214500890625 0.4557768734375 0.49657875 0.42784321406250003 0.45799527500000003 0.393782375 0.45158457500000004 0.3599410765625 0.4478636359375 0.3316483265625 0.5064129921875 0.35084010781249997 0.571510315625 0.39259590312500003 0.616314575 0.396818121875 0.61665923125 0.4356745078125 0.5784352875 0.4642432890625 0.5338408046875001