0 0.67109375 0.5078176195879508 0.284375 0.38767358909486144
0 0.36484375 0.84697691745934 0.266796875 0.27300664119408
0 0.653125 0.8394858468865273 0.29375 0.2974621071419449
0 0.89921875 0.7681329512755896 0.2015625 0.27969141926229196
0 0.1265625 0.8329917251143749 0.253125 0.2840165497712501
0 0.0625 0.5266702963527777 0.125 0.19040940729444458
0 0.085924140625 0.68033056875 0.11504981875 0.6469307671875 0.17694175625 0.6345830078125 0.28982329687499997 0.6296407265624999 0.3462345703125 0.651245278125 0.3640625 0.6270920375 0.3640625 0.5766546796875 0.362617703125 0.545426953125 0.2807018515625 0.47340637343749997 0.1805824734375 0.46361747812500004 0.093205440625 0.48383000000000004 0.0513374890625 0.5914534828125 0.002187828125 0.609564353125 0.0003676421875 0.66414311875 0.0349919859375 0.681998053125 0.0765117109375 0.6810316703125 0.085924140625 0.68033056875
0 0.20802621562499998 0.49854793124999996 0.197104265625 0.55333854375 0.213487396875 0.5771956203124999 0.2753794015625 0.6205960687500001 0.3445526375 0.65534364375 0.36523204531250003 0.6586866296875 0.45209668281250004 0.6566648328125 0.50656415 0.6406654875 0.5429712 0.6010366984375 0.562995046875 0.5605772421874999 0.5640625 0.5243076906249999 0.5640625 0.49565357031249996 0.5538932812499999 0.4541401859375 0.49928271406249997 0.397239065625 0.4737977578125 0.3832892296875 0.42100758281250006 0.378458334375 0.3445526375 0.3875093453125 0.273559009375 0.4121882390625 0.237151959375 0.43121442187500003 0.20802621562499998 0.45491883125 0.1989244515625 0.47330947500000004 0.20802621562499998 0.49854793124999996
0 0.4828125 0.3491216390625 0.4828125 0.3440147046875 0.45941567031249997 0.3014291859375 0.418210371875 0.253238796875 0.3612501703125 0.256384884375 0.2982302765625 0.27605521093749996 0.267932278125 0.31134712656249997 0.2560717078125 0.3846648640625 0.2600546140625 0.3845721609375 0.2945945703125 0.37079816718749997 0.3818527765625 0.323258403125 0.4828125 0.3491216390625
0 0.607721934375 0.2948759015625 0.61875 0.256860109375 0.61875 0.24941231875 0.5585724125 0.19543056718750001 0.5653410328125 0.193019834375 0.5653275265625 0.19302015 0.494860078125 0.2175160875 0.48029727343750006 0.254212640625 0.5057822375 0.3105797671875 0.5289309234374999 0.370501496875 0.5317819703125 0.3704351375 0.5567520828125 0.3554463359375 0.607721934375 0.2948759015625
0 0.763829071875 0.45722168124999996 0.822104984375 0.42764856562500003 0.8484375 0.3826233421875 0.8484375 0.3135080609375 0.842128896875 0.2769045015625 0.8222216843749999 0.2460362359375 0.791158978125 0.30717684375 0.743829846875 0.34584803750000004 0.6837582359375001 0.3799680203125 0.6946803234375001 0.4136476046875 0.7074228031249999 0.441225215625 0.7074228031249999 0.45213242343750004 0.7555035875 0.45741545937500006 0.763829071875 0.45722168124999996
0 0.9453125 0.3514351073357631 0.1091796875 0.27109587293374143
0 0.4640625 0.45487042187500004 0.4050132546875 0.42680954531250004 0.3413009265625 0.44525936406250005 0.29761244531250003 0.488693425 0.3413009265625 0.5300937625000001 0.39157460781250003 0.5611984999999999 0.39378123125000003 0.5611471406249999 0.4250371015625 0.5511712796875 0.46144415 0.5236615984374999 0.4640625 0.49919603749999997 0.4640625 0.45487042187500004