0 0.30390625 0.83515625 0.2109375 0.3296875
0 0.49140625 0.603125 0.2296875 0.37265625
0 0.5234375 0.25078125 0.228125 0.36484375
0 0.70546875 0.45 0.2109375 0.3625
0 0.72109375 0.09453125 0.2234375 0.18359375
1 0.912269278125 0 0.8833766000000001 0.005000003125 0.85825230625 0.07617482187499999 0.85409705625 0.1306861 0.833321284375 0.22153822500000003 0.8146232171875001 0.3287437296875 0.8167007625 0.359633465625 0.8489031125000001 0.354182353125 0.9268122562500001 0.3469141546875 0.972519046875 0.3341948421875 0.996411215625 0.2506109125 1 0.1179668578125 1 0.0089443046875 0.9932948187499999 0 0.912269278125 0
0 0.99453125 0.278125 0.0109375 0.12421875
1 0.915625 0.6171875 0.15703125 0.240625
1 0.70078125 0.7578125 0.08203125 0.1921875
1 0.23984375 0.29765625 0.2421875 0.33828125
1 0.27890625 0.525 0.1515625 0.3125
1 0.028260228125 0.788455478125 0.095781484375 0.735761284375 0.11655725624999999 0.6539943703125 0.1311002328125 0.5940319125 0.13941057343750002 0.4868264421875 0.1581087984375 0.4159617578125 0.125906290625 0.408693628125 0.11344085781249999 0.408693628125 0.1009754265625 0.40687654531249995 0.0947426328125 0.381437990625 0.08747114375000001 0.3705356921875 0.081238428125 0.372352778125 0.0794804953125 0.3845454578125 0.0241050578125 0.4304980828125 0.0012516609374999999 0.48500935937499995 0 0.763016921875 0.028260228125 0.788455478125
1 0.6141369140624999 0.9865131406250001 0.6401067078125 1 0.7439855625 0.9883301546875 0.757489846875 0.9301848500000001 0.74917950625 0.8992950453124999 0.7668388796875 0.8356985546875 0.74190801875 0.8175281296874999 0.736714075 0.8084429875 0.6868521921874999 0.8411497375 0.6411454015625 0.8902098296875 0.6172533109375 0.9501722906250001 0.6141369140624999 0.9865131406250001
1 0.8104679687499999 0.8847587875 0.8322825921874999 0.8084429875 0.8572134531250001 0.77755325 0.8925323593750001 0.7611998375 0.89460990625 0.7266760718749999 0.8665626453125 0.704871546875 0.8457868749999999 0.675798825 0.8115068203125 0.6721647953125001 0.8031964796875 0.6594454843750001 0.7885714046875 0.7095454578125 0.7824207078125001 0.7266760718749999 0.7626837906249999 0.781187346875 0.7793043109375 0.864771346875 0.8104679687499999 0.8847587875
1 0.5362277718749999 0.9901471703125001 0.5518096 0.9392700625 0.5414217140625001 0.8811246171875 0.516490853125 0.877490590625 0.49987017187499994 0.8502349499999999 0.492598684375 0.812077084375 0.48117202499999995 0.799357771875 0.45520231093749997 0.795723675 0.44065925625 0.779370265625 0.43338776718750005 0.7757361656249999 0.4178059390625 0.759382825 0.408456825 0.748480528125 0.4157283140625 0.8375157078125 0.4614350265625 0.913831440625 0.5050641140625001 0.991964325 0.5362277718749999 0.9901471703125001