0 0.7349917774980808 0.8368743278660478 0.2262929420993359 0.32625134426790436
0 0.536684748342861 0.6060839118804155 0.3151718900419894 0.3023381042125962
0 0.48824282444049005 0.2535538095192834 0.31026606622067165 0.29762333313535744
0 0.3154903368464869 0.4517135326865079 0.22782120884855886 0.3637271984757483
0 0.28330911372990436 0.09615387909571176 0.23196122585727358 0.18430773384838534
1 0.24619330156250002 0.0887716875 0.1398586734375 0.1068460515625 0.04997419375 0.1270932609375 0.007620928125 0.1300859609375 0.014152506249999999 0.270321590625 0.13365340312500001 0.27101682656250004 0.17652739374999998 0.2701051234375 0.258998528125 0.24669923124999998 0.2695890140625 0.20106643906250002 0.273228534375 0.12319958125 0.2771798 0.09102894375000001 0.24619330156250002 0.0887716875
0 0.018422630064842616 0.2781568162567787 0.016750371742580362 0.12486832001355737
1 0.11312096980681367 0.6176783793902993 0.16765260199430204 0.24153517220284665
1 0.3345144344463408 0.7595533037637467 0.14253697792531544 0.13829199753481164
1 0.7740198126536659 0.30207870969223405 0.30411559279224837 0.29133924428880886
1 0.7455460179875681 0.5291952007152436 0.16611742142117158 0.3133817648307229
1 1 0.44521882812499997 0.995715278125 0.43599810625 0.9381995625 0.389723315625 0.9358737484375 0.37752040937500003 0.9295563984375 0.3756670625 0.9227926921874999 0.38652705625 0.9177447187500001 0.41192935 0.90536391875 0.4136739109375 0.8928984859375 0.4136013890625 0.86154756875 0.4205681546875 0.8616445484374999 0.4226503453125 0.883033296875 0.49165563749999996 0.8963368140625001 0.59890945625 0.9136725859375 0.658956521875 0.9382567125 0.74084430625 1 0.7876859281249999 1 0.44521882812499997
1 0.43820491562499997 0.9596762390625001 0.4450365265625 0.855865278125 0.4303401046875 0.8298170203125 0.394144403125 0.8327219921875001 0.335294734375 0.8562652312499999 0.28836346874999996 0.9016865984375 0.25829096875 0.9508483249999999 0.25832374687500004 0.951552090625 0.267306128125 0.9566049984375 0.284998065625 0.979518028125 0.29415444375 0.9795712984374999 0.34941171875 0.9643521921874999 0.3806885828125 0.9728422453125001 0.43820491562499997 0.9596762390625001
1 0.2740153109375 0.7829456875 0.25173949218749997 0.7283195859375 0.2447909234375 0.7111531875 0.2278324046875 0.660968128125 0.2201144765625 0.6736390906249999 0.18600367812500002 0.677073684375 0.1665819921875 0.7060255375 0.141598540625 0.726027078125 0.1432844890625 0.76222508125 0.1793163875 0.7787616328125 0.20568596249999999 0.8097964125000001 0.23080249687499999 0.88547813125 0.23220421562500002 0.8854862859375 0.261287778125 0.8664329921875 0.2740153109375 0.7829456875
1 0.5024432109375 0.8861109265625 0.5409397515625 0.8936044125 0.5689695125 0.910383659375 0.5737647124999999 0.9353356640625 0.6210320640625 0.943983178125 0.6388732921875 0.9440869749999999 0.682545353125 0.9307759953125 0.6829110375 0.8996229109374999 0.6027460953125 0.8555392578125 0.5243015390625 0.8093885546875 0.435667615625 0.8016635640625 0.435694253125 0.8022354765624999 0.4462654234375 0.8110116171874999 0.46334449843750003 0.826688584375 0.4673172734375 0.8339812171875 0.48434803750000005 0.8486194140625001 0.48919169218749997 0.8746102703125 0.5024432109375 0.8861109265625