0 0.708584862452199 0.20945146436877254 0.2907955564382032 0.28763491208933256
0 0.5386671392214082 0.4294671684108541 0.2578813023950701 0.38678935629845024
0 0.53333490209317 0.7797582626430429 0.3189062178496226 0.31489801954595864
0 0.33620775789738444 0.568874420108897 0.23840610747782165 0.3760174892026583
0 0.34806302076914636 0.9080511343300113 0.21792489627037792 0.18389773133997736
1 0.202657434375 0.902584871875 0.31127979375 0.9281529796875001 0.34201210312499997 0.9280549390624999 0.33412084062499997 0.8955032656249999 0.3209490421875 0.8171283546874999 0.30476627500000003 0.7706064734375 0.2193719046875 0.741358003125 0.176355809375 0.7374455953125 0.0568549125 0.7297876296875 0.06748133281249999 0.870023259375 0.1102310140625 0.87598703125 0.202657434375 0.902584871875
0 0.07507211620039858 0.7239579341454412 0.04571616431701002 0.06979086829088246
1 0.11338279668994086 0.38821949568106334 0.17467878470510573 0.25065047115863825
1 0.3175706213752687 0.261362308757845 0.09709148605242968 0.1963099749377079
1 0.8133766769882793 0.7510567759043947 0.3125732461689708 0.3082725337347737
1 0.7570870977295593 0.5212097871631617 0.24997455197666837 0.24653489551033658
1 1 0.2852069265625 0.9884854671875001 0.2748131453125 0.9866213796875 0.27469368906249997 0.9240324609374999 0.3223457046875 0.909452615625 0.40278124687499994 0.8994533234375 0.46181174843750006 0.8992665265625 0.56848466875 0.88630771875 0.636219184375 0.8864654968749999 0.638301375 0.9186913593750001 0.6474828765625 0.9311567921874999 0.648281696875 0.9437599156250001 0.6508976015625 0.9519203265625 0.676735571875 0.9600179421874999 0.6881038484374999 0.9661129687500001 0.6866861734375 0.96694699375 0.674606146875 1 0.647597296875 1 0.2852069265625
1 0.2720868015625 0.199015090625 0.277969175 0.20843307656249999 0.3253526875 0.1789216203125 0.36734192656250003 0.13279055312500002 0.3866903359375 0.07435916718749999 0.3870529859375 0.038218025 0.36320203906250004 0.02482995625 0.34621052343750003 0.023741090625 0.257066653125 0.028079931250000002 0.24796835625 0.0853598421875 0.2586193875 0.116782196875 0.247675321875 0.17002223125 0.2485310296875 0.1813148953125 0.2720868015625 0.199015090625
1 0.12862045625000001 0.2815090953125 0.15606957187499998 0.3033226078125 0.17904834218750001 0.3337267015625 0.21360376718750002 0.33955749687500003 0.22287791875 0.352809359375 0.2337066453125 0.30364660312499997 0.23855926093750002 0.28691014375 0.25416555937499996 0.23366366562500002 0.23121142187500002 0.14901457499999998 0.19977532656250002 0.12786572031250001 0.1983736078125 0.12777589375 0.18250145 0.2019479328125 0.159911271875 0.231240028125 0.125877534375 0.2453110921875 0.12862045625000001 0.2815090953125
1 0.4640941359375 0.0406248921875 0.45411088906249997 0.0830882296875 0.45546683593750004 0.1009825078125 0.46738525 0.1483625859375 0.49259148125 0.15359425625 0.511277471875 0.1819149984375 0.5214403890625 0.220538840625 0.5338308609375 0.2339904078125 0.56007595 0.23928872031249998 0.5758581921875 0.256574090625 0.5834050562499999 0.26067416875 0.6002260671874999 0.2780260390625 0.6104013078125 0.289527453125 0.5963831359375 0.2000262953125 0.5448935625 0.1207815421875 0.4971121328125 0.04274078125 0.4640941359375 0.0406248921875