0 0.8710461477331144 0.8813507480600148 0.23237967207625304 0.23729850387997048
0 0.6594285836090851 0.7852211418616856 0.1748102132694161 0.2534320359597128
0 0.5065899557680636 0.7625755262346352 0.18219369997849472 0.18444626693878216
0 0.23036087216556914 0.9499456032697606 0.11750687418757347 0.10010879346047866
0 0.02649649594281022 0.41370967292769345 0.05299299188562044 0.0961693458553869
0 0.041373653411861944 0.8668174268820262 0.08274730682372389 0.11488485376405251
0 0.026220211853848346 0.9672193334980971 0.05244042370769669 0.0655613330038058
0 0.3963787532497062 0.4477079185162502 0.23666048964938788 0.24111904905844012
0 0.20359696388244322 0.3843444609881456 0.24998847980757216 0.25551944765156803
0 0.3560557359375 0.64044049375 0.34173508125 0.5617109859375 0.29192180625 0.4819815 0.2603694 0.5025767937500001 0.2444910453125 0.5130935015625 0.20387765156249998 0.51702055625 0.1817238671875 0.5123966 0.162874609375 0.5432591375 0.1502994046875 0.6160137828125001 0.1502229953125 0.6203912546875 0.17210585625000002 0.6887637609375 0.20004805781249999 0.7364178625 0.246127690625 0.7715076437499999 0.27556348124999996 0.7727070609375 0.32842329375 0.7249031312499999 0.3560557359375 0.64044049375
0 0.8104496843750001 0.77491478125 0.8303463578124999 0.758980028125 0.835768996875 0.7480371375 0.8476939390625 0.739219934375 0.867298528125 0.7400187609375 0.8766140140625 0.725166603125 0.871080884375 0.6731904546874999 0.838860928125 0.645828928125 0.803702425 0.6369539546875 0.7670423484375 0.6391812875 0.75030400625 0.640198275 0.7499592421875 0.65994978125 0.75178940625 0.6887965796875 0.7510429609375 0.73156045 0.771960759375 0.78355203125 0.7811197453125 0.78392523125 0.789375871875 0.783359196875 0.8104496843750001 0.77491478125
1 0.5662135608776184 0.16848728661475848 0.2132249667193456 0.21791433586457276
1 0.8191458717552369 0.32420934049254146 0.18539370221060808 0.18887047593117093
1 0.22691923579654047 0.16795279844057556 0.2670580901970756 0.2718288678606578
1 0.6974639663180753 0.48733939878176774 0.23647540472649417 0.24169702818391575
1 0.9548106363657333 0.34537336916145356 0.08336492867083437 0.30337866230971955