0 0.886592597241038 0.1186492519399853 0.2268148055179239 0.2372985038799706
0 0.6853487590451115 0.21477885813831446 0.21933037270982184 0.217085335617427
0 0.5330835741739739 0.23742447376536485 0.1883855187128356 0.18444626693878216
0 0.2497001068519764 0.050054396730239314 0.12127521370395282 0.10010879346047863
0 0.06047707032878671 0.5862903270723065 0.0642882293077851 0.0961693458553869
0 0.055520738918723535 0.13318257311797385 0.10268898801421238 0.11488485376405229
0 0.03769807383528966 0.03353008300380561 0.06914614767057933 0.06706016600761122
0 0.4337131744672297 0.5522920814837498 0.24475695824798577 0.24111904905844012
0 0.24287016847433587 0.6156555390118543 0.2585696442497623 0.25551944765156803
0 0.2617969171875 0.2727490265625 0.18583779843749998 0.29948752500000003 0.1383763828125 0.3538119671875 0.1381583609375 0.365494903125 0.13899369687500002 0.38143406875 0.17581663125 0.42825251875000003 0.2238060265625 0.45511205937500004 0.2938328828125 0.4758342671875 0.3694478125 0.460965403125 0.400096984375 0.4413799359375 0.3952139375 0.41931276406249995 0.3986685390625 0.3785694515625 0.4090023625 0.3624312578125 0.4292341765625 0.330369565625 0.34890801875 0.2823647734375 0.2828084484375 0.271892871875 0.2617969171875 0.2727490265625
0 0.8169295953125 0.228404275 0.7951509828125001 0.2275289640625 0.7682759 0.2286240390625 0.76748195 0.244826490625 0.7660084109375 0.27489850625 0.7665247296875 0.28475048125 0.774967815625 0.31655845781249997 0.802710353125 0.348172125 0.8547615499999999 0.352500740625 0.8695081765625 0.342830734375 0.86848074375 0.323226146875 0.8771607859375001 0.3110846703125 0.8880427109375001 0.305402190625 0.9037488578125 0.2851157625 0.911949428125 0.263825415625 0.9129183968750001 0.2467589703125 0.8596934656249999 0.22666178124999997 0.8169295953125 0.228404275
1 0.6135422738559744 0.8315127133852414 0.22054319128738661 0.21791433586457282
1 0.8613955184289074 0.6757906595074585 0.1536099276340334 0.2274654257791653
1 0.2737837330373714 0.8320472015594245 0.32097392935838476 0.22648916949553807
1 0.733842649252459 0.5126606012182322 0.21678991901227745 0.26901889700527093
1 0.9485348337849124 0.6565220532719482 0.10293033243017505 0.19453786167271758