0 0.1078125 0.85390625 0.1953125 0.28828125
0 0.32734375 0.7578125 0.17109375 0.2453125
0 0.48046875 0.74140625 0.13984375 0.21640625
0 0.75390625 0.95 0.12890625 0.1
0 0.9703125 0.4125 0.059375 0.09375
0 0.95859375 0.86484375 0.0828125 0.1390625
0 0.96484375 0.9671875 0.0671875 0.065625
0 0.59609375 0.43125 0.18046875 0.284375
0 0.78984375 0.37578125 0.20625 0.28515625
0 0.7112393296875 0.7616965109375 0.73737878125 0.7635556390625 0.787043578125 0.7282289953125 0.8157971343750001 0.6817465109375 0.8393224796875 0.612952565625 0.8275598078125 0.5367211796875 0.809262271875 0.5051130749999999 0.787043578125 0.5088316890625 0.7465275484375 0.5032537328125 0.73084391875 0.492097965625 0.6996731734375 0.47023256093750004 0.648504609375 0.5478770890625 0.6328208796875 0.6259675328125 0.6589604296875 0.711495275 0.7112393296875 0.7616965109375
0 0.15185494375 0.713354615625 0.1570828546875 0.724510525 0.17668744218750002 0.7412441046875 0.197598984375 0.7505406015625 0.2145896671875 0.7524000140625 0.236808159375 0.7003395046875001 0.236808159375 0.657575634375 0.24072911718749998 0.6092338093749999 0.22243148124999998 0.6073745390624999 0.1858363109375 0.6036560671875 0.15054799218749998 0.6110931515625 0.117873678125 0.6371233000000001 0.1114378796875 0.6888372109375 0.1204876828125 0.70405811875 0.140092271875 0.70405811875 0.15185494375 0.713354615625
1 0.43125 0.1453125 0.19453125 0.225
1 0.17578125 0.290625 0.14140625 0.22109375
1 0.7703125 0.15859375 0.3109375 0.21328125
1 0.29453125 0.45859375 0.203125 0.26015625
1 0.03984375 0.30625 0.078125 0.30078125